lidarmap data 0;2754,1;2517,2;2504,3;2503,4;2509,5;2503,6;2337,7;2317,8;2396,9;2556,10;2425,11;1376,12;1369,13;1375,15;1210,16;1183,17;1159,18;1143,19;1127,20;1111,21;1096,22;1084,23;1075,24;1068,25;1059,26;1051,27;1043,28;1037,29;1029,30;1020,31;1014,32;1014,33;1018,34;1027,35;1034,36;1041,37;1050,38;1025,39;1000,40;987,41;985,42;983,43;984,44;991,45;996,46;1002,47;1006,48;1010,49;1015,50;1034,51;1065
lidarmap data 52;1073,53;1073,54;1073,55;1076,56;1079,57;1085,58;1088,59;1094,60;1099,61;1102,62;1112,63;1223,64;1235,65;1218,66;1147,67;1201,68;1215,69;1227,70;1212,71;1145,72;1054,73;1056,74;1019,75;985,76;1034,77;1046,78;1067,79;944,80;392,82;1508,83;1805,84;1814,85;2047,86;2082,87;2058,88;2059,89;2060,90;2059,91;2063,92;2062,93;2066,94;2069,95;2073,96;2081,97;2084,98;2089,99;2096,100;2099,101;2105,102;2117,103;2136
lidarmap data 104;2143,105;2150,106;2163,107;2194,108;2236,109;2253,110;2270,111;2287,112;2294,113;2246,114;2169,115;2064,116;2007,117;2012,118;2009,119;2002,120;1943,121;1797,122;1662,123;1635,124;1707,125;1795,126;1793,127;1801,128;1689,129;1630,130;1646,131;1680,132;1723,133;1775,134;1728,135;1670,136;1653,137;1641,138;1640,139;1653,140;1681,141;1711,143;2103,144;2100,145;2103,146;2140,147;2418,148;2392,149;2354,150;2344,151;2365,152;2387,153;2386,154;2370,155;2374
lidarmap data 156;2389,157;2383,158;2343,159;2350,160;2344,161;2339,162;2322,163;2329,164;2342,165;2343,166;2306,167;2297,168;2326,169;2347,170;2422,171;2459,172;2459,173;2465,174;2465,175;2472,176;2483,177;2493,178;2506,179;2519,180;2526,181;2524,182;2522,183;2539,184;2566,185;2624,186;2666,187;2637,188;2608,189;2708,190;2702,191;2711,192;2717,193;2744,194;2770,195;2839,196;2859,197;2844,198;2729,199;2924,200;3036,201;3059,202;3059,203;3047,204;3040,205;2967,206;2916
lidarmap data 207;3130,208;3106,209;3101,210;3183,211;3304,213;3462,214;3453,215;3386,216;3775,217;3575,218;2991,219;2959,225;2560,226;2551,229;2375,230;2375,232;2313,233;2268,234;2117,235;1682,236;1662,237;1683,238;2131,239;1991,240;1711,241;1739,242;1762,243;1821,244;1779,245;1784,246;1764,247;1820,248;1782,249;1795,250;2065,251;2292,252;2402,254;2385,255;1965,256;1987,257;2660,258;2612,259;2605,260;2600,261;2598,262;1143,263;1145,264;1154,265;1165,266;1180,267;1187
lidarmap data 268;1192,269;1203,270;1216,271;1227,272;1236,273;1241,274;1254,275;1257,276;1254,281;988,282;988,287;1328,288;1325,289;1328,290;1247,291;535,292;145,293;2660,294;2658,295;2109,296;2363,297;2311,298;2324,299;2316,305;1562,306;1578,307;1588,308;1606,309;1631,310;1657,311;1705,312;1694,313;1453,314;1499,315;1378,316;1548,317;1525,318;1505,319;1470,320;1451,321;1429,322;1413,323;1394,324;1375,325;1350,326;1334,327;1338,328;1376,329;1417,330;1463,331;1507
lidarmap data 332;1550,333;1611,334;1692,335;1713,336;1696,337;1687,338;1677,339;1667,340;1658,341;1650,342;1688,343;1775,344;1862,345;1985,346;2133,347;2300,348;2497,349;2737,350;3037,351;3156,352;3184,353;3093,354;2931,355;2854,356;2829,357;2779,358;2753,359;2743
lidarmap end
lidarmap data 0;2756,1;2542,2;2504,3;2506,4;2510,5;2504,6;2343,7;2315,8;2373,9;2558,10;2404,11;1377,12;1373,13;1374,15;1207,16;1183,17;1160,18;1144,19;1125,20;1110,21;1098,22;1086,23;1075,24;1069,25;1060,26;1051,27;1044,28;1036,29;1030,30;1021,31;1014,32;1014,33;1017,34;1027,35;1033,36;1041,37;1051,38;1025,39;1003,40;988,41;987,42;984,43;984,44;992,45;996,46;1002,47;1007,48;1012,49;1019,50;1044,51;1067
lidarmap data 52;1072,53;1072,54;1073,55;1076,56;1081,57;1085,58;1088,59;1093,60;1098,61;1103,62;1113,63;1221,64;1236,65;1219,66;1149,67;1205,68;1216,69;1227,70;1203,71;1149,72;1053,73;1055,74;1058,75;1028,76;1028,77;1043,78;1064,79;935,80;458,82;1415,83;1805,84;1815,85;2037,86;2082,87;2059,88;2059,89;2060,90;2060,91;2062,92;2062,93;2065,94;2070,95;2073,96;2082,97;2085,98;2090,99;2095,100;2099,101;2107,102;2121,103;2136
lidarmap data 104;2143,105;2151,106;2163,107;2194,108;2235,109;2252,110;2271,111;2287,112;2295,113;2254,114;2184,115;2063,116;2006,117;2011,118;2013,119;2002,120;1937,121;1799,122;1667,123;1636,124;1695,125;1794,126;1793,127;1810,128;1676,129;1630,130;1647,131;1683,132;1726,133;1775,134;1741,135;1672,136;1654,137;1641,138;1641,139;1653,140;1680,141;1710,143;2105,144;2100,145;2104,146;2148,147;2415,148;2389,149;2354,150;2337,151;2363,152;2385,153;2385,154;2368,155;2373
lidarmap data 156;2385,157;2381,158;2343,159;2349,160;2343,161;2335,162;2319,163;2327,164;2340,165;2341,166;2303,167;2294,168;2320,169;2347,170;2423,171;2458,172;2458,173;2463,174;2465,175;2472,176;2482,177;2495,178;2505,179;2520,180;2526,181;2525,182;2520,183;2536,184;2559,185;2623,186;2666,187;2640,188;2602,189;2705,190;2707,191;2710,192;2718,193;2743,194;2773,195;2839,196;2859,197;2855,198;2726,199;2917,200;3036,201;3061,202;3060,203;3048,204;3041,205;2942,206;2937
lidarmap data 207;3133,208;3106,209;3107,210;3179,211;3321,213;3434,214;3498,215;3377,216;3781,217;3572,218;3000,219;2958,225;2566,226;2554,229;2378,230;2379,233;2270,234;2255,235;1681,236;1664,237;1681,238;2135,239;1992,240;1725,241;1742,242;1764,243;1820,244;1781,245;1784,246;1830,247;1822,248;1782,249;1794,250;2064,251;2223,252;2398,254;2385,255;1949,256;1992,257;2653,258;2615,259;2605,260;2599,261;2599,262;1141,263;1145,264;1152,265;1165,266;1174,267;1190,268;1195
lidarmap data 269;1207,270;1219,271;1227,272;1235,273;1240,274;1253,275;1258,276;1255,281;988,282;988,288;1323,289;1329,290;1265,291;79,292;582,293;2543,294;2658,295;1815,296;2328,297;2180,298;2378,299;2320,305;1564,306;1575,307;1589,308;1608,309;1630,310;1655,311;1702,312;1695,313;1585,314;1478,315;1371,316;1549,317;1526,318;1504,319;1467,320;1450,321;1428,322;1412,323;1397,324;1374,325;1349,326;1334,327;1337,328;1376,329;1415,330;1460,331;1507,332;1554,333;1615
lidarmap data 334;1690,335;1715,336;1697,337;1688,338;1677,339;1667,340;1658,341;1651,342;1687,343;1774,344;1864,345;1992,346;2136,347;2297,348;2481,349;2718,350;3005,351;3158,352;3184,353;3072,354;2932,355;2853,356;2837,357;2780,358;2750,359;2745
lidarmap end
lidarmap data 0;2755,1;2540,2;2504,3;2503,4;2510,5;2500,6;2343,7;2315,8;2370,9;2571,10;2409,11;1379,12;1374,13;1376,14;1390,15;1209,16;1184,17;1159,18;1141,19;1124,20;1110,21;1098,22;1086,23;1076,24;1068,25;1058,26;1051,27;1044,28;1037,29;1030,30;1022,31;1014,32;1014,33;1017,34;1027,35;1034,36;1042,37;1052,38;1025,39;1003,40;988,41;986,42;984,43;985,44;991,45;997,46;1003,47;1007,48;1012,49;1018,50;1042
lidarmap data 51;1067,52;1072,53;1072,54;1072,55;1076,56;1081,57;1084,58;1088,59;1093,60;1098,61;1103,62;1113,63;1214,64;1235,65;1217,66;1144,67;1204,68;1216,69;1225,70;1206,71;1149,72;1052,73;1057,74;1056,75;1028,76;1028,77;1043,78;1064,79;828,80;487,82;1421,83;1804,84;1821,85;2031,86;2081,87;2059,88;2059,89;2060,90;2060,91;2063,92;2062,93;2065,94;2069,95;2072,96;2082,97;2085,98;2089,99;2095,100;2099,101;2109,102;2122
lidarmap data 103;2136,104;2142,105;2151,106;2164,107;2196,108;2234,109;2254,110;2270,111;2287,112;2294,113;2254,114;2180,115;2043,116;2002,117;2014,118;2016,119;2002,120;1919,121;1795,122;1676,123;1635,124;1677,125;1795,126;1793,127;1812,128;1696,129;1630,130;1645,131;1684,132;1731,133;1780,134;1747,135;1674,136;1654,137;1642,138;1641,139;1655,140;1680,141;1711,143;2105,144;2098,145;2105,146;2165,147;2418,148;2395,149;2355,150;2339,151;2364,152;2384,153;2383,154;2366
lidarmap data 155;2372,156;2384,157;2377,158;2341,159;2348,160;2344,161;2339,162;2320,163;2327,164;2344,165;2338,166;2305,167;2293,168;2322,169;2351,170;2435,171;2459,172;2460,173;2462,174;2465,175;2472,176;2484,177;2497,178;2505,179;2521,180;2525,181;2523,182;2520,183;2539,184;2559,185;2603,186;2662,187;2644,188;2614,189;2709,190;2702,191;2713,192;2718,193;2743,194;2779,195;2847,196;2865,197;2857,198;2729,199;2934,200;3039,201;3061,202;3058,203;3046,204;3041,205;3016
lidarmap data 206;2989,207;3130,208;3082,209;3110,210;3189,211;3322,213;3450,214;3423,215;3315,216;3661,217;3579,218;2986,219;2959,225;2558,226;2556,229;2378,230;2375,233;2271,234;2259,235;1678,236;1664,237;1679,239;1993,240;1702,241;1752,242;1774,243;1812,244;1785,245;1784,246;1836,247;1717,248;1783,249;1790,250;2066,251;2178,252;2398,253;1944,254;2387,255;1963,256;1992,257;2656,258;2615,259;2604,260;2598,261;2604,262;1146,263;1146,264;1154,265;1165,266;1173,268;1194
lidarmap data 269;1207,270;1220,271;1228,272;1235,273;1241,274;1252,275;1256,276;1254,281;988,282;987,284;1312,288;1325,289;1330,290;1179,291;754,292;206,293;2591,294;2659,295;2103,296;2492,297;2307,298;2307,299;2326,305;1563,306;1575,307;1588,308;1609,309;1632,310;1653,311;1698,312;1696,313;1587,314;1466,315;1313,316;1548,317;1529,318;1508,319;1470,320;1450,321;1428,322;1413,323;1399,324;1373,325;1349,326;1334,327;1338,328;1373,329;1411,330;1462,331;1510,332;1556
lidarmap data 333;1613,334;1687,335;1717,336;1697,337;1687,338;1676,339;1665,340;1658,341;1650,342;1681,343;1775,344;1872,345;1997,346;2145,347;2304,348;2480,349;2719,350;3000,351;3159,352;3183,353;3074,354;2929,355;2858,356;2841,357;2779,358;2751,359;2744
lidarmap end