lidarmap data 0;1584,1;1588,2;1593,3;1601,4;1605,5;1614,6;1618,7;1635,8;1654,9;1673,10;1681,11;1688,12;1701,13;1718,14;1716,15;1644,16;1557,17;1489,18;1429,19;1383,20;1334,21;1286,22;1243,23;1202,24;1173,25;1149,26;1128,27;1111,28;1080,29;1061,30;1076,31;867,32;416,33;248,34;260,35;1158,36;1480,37;1080,38;1063,39;1054,40;1083,41;1189,42;1265,43;992,44;221,45;148,46;1122,47;1126,48;1108,49;1097,50;1090
lidarmap data 51;1091,52;1099,53;1107,54;1124,55;1155,56;1572,57;1573,58;1576,59;1559,60;684,61;601,62;1936,63;2261,64;2242,65;2199,66;2162,67;2133,68;2115,69;2103,70;2102,71;2090,72;2087,73;2088,74;2096,75;2110,76;2128,77;2154,78;2201,79;2273,80;2828,81;2888,82;2884,83;2879,84;2877,85;2879,86;2786,87;2807,88;2887,89;2890,90;2895,91;2904,92;2925,93;2846,94;2838,95;2635,96;2637,97;2639,98;2643,99;2644,100;2706,101;2754
lidarmap data 102;2912,103;2921,104;2958,105;2416,106;2426,107;2658,108;2551,109;2569,111;2678,112;2786,113;2895,114;2892,115;2742,116;2643,117;3289,118;3337,119;3260,120;3349,121;3255,122;3190,123;2739,124;3038,125;3114,126;3215,127;3256,128;3461,129;3342,130;3322,131;3193,132;3202,133;3180,134;3134,148;2176,149;2158,150;2143,153;2087,154;2092,155;2061,156;1983,157;1965,158;2197,159;2282,160;2108,161;2079,162;1851,163;2056,164;2207,165;2184,166;2175,167;2538,168;2754
lidarmap data 169;2359,170;2401,171;2364,172;3047,173;3060,174;3058,175;3050,176;3062,177;3063,178;3061,179;2879,180;1792,181;1797,182;1792,183;1791,184;1792,185;1789,186;1672,187;1482,190;1763,191;1756,192;1753,193;1743,194;1726,195;1724,198;1658,199;1536,200;545,201;544,202;1044,203;3043,204;2913,205;2892,210;2146,211;2135,212;2185,213;2200,214;2234,215;1927,216;2028,217;1411,218;2120,219;2065,220;2032,221;2003,222;1972,223;1922,224;1885,225;1864,226;1890,227;1932
lidarmap data 228;1977,229;2024,230;2077,231;2137,232;2167,234;2207,235;2189,237;2147,238;2153,239;2274,240;2325,241;2406,242;2493,243;2607,244;2745,245;2863,246;2979,247;3112,248;3257,249;3452,250;3553,251;3493,252;3237,253;3279,254;3165,255;3096,256;3083,257;2845,258;1650,259;1618,260;1416,261;1368,262;1334,263;1304,264;1279,265;1255,266;1235,267;1220,268;1208,269;1196,270;1184,271;1170,272;1163,273;1155,274;1107,275;1092,276;1077,277;1060,278;1048,279;1039,280;1027
lidarmap data 281;1018,282;1004,283;994,284;985,285;975,286;970,287;959,288;951,289;943,290;938,291;932,292;925,293;920,294;914,295;908,296;894,297;916,298;940,299;739,300;345,301;262,302;975,303;1034,304;1009,305;996,306;985,307;895,308;786,309;772,310;709,311;448,312;178,314;1186,315;272,316;419,318;733,319;1110,320;1115,321;1099,322;1088,323;1106,324;1178,325;1221,326;1254,327;1252,328;1304,329;1361,330;1431,331;1425,332;1431,333;1424
lidarmap data 334;1411,335;1403,336;1471,337;1550,338;1553,339;1626,340;1498,341;1626,342;1615,343;1611,344;1608,345;1601,346;1595,347;1591,348;1586,349;1583,350;1579,351;1577,352;1577,353;1576,354;1575,355;1575,356;1576,357;1577,358;1580,359;1583
lidarmap end
lidarmap data 0;1585,1;1589,2;1595,3;1600,4;1607,5;1612,6;1616,7;1641,8;1656,9;1674,10;1681,11;1688,12;1700,13;1717,14;1719,15;1640,16;1560,17;1491,18;1429,19;1383,20;1333,21;1288,22;1246,23;1204,24;1174,25;1151,26;1131,27;1115,28;1083,29;1061,30;1076,31;823,32;265,33;244,34;398,35;1118,36;1480,37;1080,38;1064,39;1054,40;1081,41;1174,42;1264,43;1020,44;190,45;193,46;1088,47;1127,48;1108,49;1097,50;1092
lidarmap data 51;1093,52;1100,53;1109,54;1126,55;1157,56;1574,57;1574,58;1580,59;1525,60;513,61;372,62;1736,63;2266,64;2238,65;2195,66;2158,67;2134,68;2113,69;2103,70;2096,71;2085,72;2085,73;2086,74;2094,75;2112,76;2126,77;2157,78;2199,79;2267,80;2745,81;2888,82;2888,83;2888,84;2886,85;2882,86;2793,87;2809,88;2885,89;2890,90;2894,91;2906,92;2794,93;2848,94;2734,95;2603,96;2609,97;2615,98;2619,99;2636,100;2661,101;2763
lidarmap data 102;2894,103;2924,104;2954,105;2591,106;2424,107;2630,108;2543,109;2567,111;2666,112;2770,113;2900,114;2878,115;2734,116;2642,117;3231,118;3389,119;3259,120;3343,121;3250,122;3191,123;2741,124;3023,125;3099,126;3212,127;3246,128;3470,129;3229,130;3201,131;3141,132;3187,133;3178,147;2607,148;2176,149;2156,150;2146,152;2165,153;2087,154;2093,155;2071,156;1977,157;1971,158;2188,159;2282,160;2091,161;2065,162;1836,163;2000,164;2153,165;2194,166;2174,167;2490
lidarmap data 168;2764,169;2354,170;2367,171;2364,172;3049,173;3059,174;3051,175;3055,176;3060,177;3054,178;3060,179;2957,180;1802,181;1795,182;1792,183;1792,184;1789,185;1789,186;1667,187;1482,190;1761,191;1755,192;1752,193;1744,194;1732,195;1718,196;1693,197;1686,198;1654,199;1590,200;1205,202;293,203;2992,204;3044,205;2894,206;2900,210;2143,211;2136,212;2185,213;2196,214;2245,215;2049,216;1786,217;1797,218;2057,219;2077,220;2041,221;2006,222;1967,223;1916,224;1880
lidarmap data 225;1864,226;1882,227;1931,228;1982,229;2028,230;2082,231;2135,232;2174,236;2201,237;2153,238;2145,239;2295,240;2354,241;2417,242;2509,243;2618,244;2732,245;2839,246;2972,247;3125,248;3280,249;3469,250;3557,251;3495,252;3249,253;3295,254;3149,255;3090,256;3078,257;2860,258;1651,259;1580,260;1425,261;1376,262;1333,263;1297,264;1277,265;1260,266;1238,267;1220,268;1207,269;1194,270;1183,271;1173,272;1165,273;1156,274;1105,275;1090,276;1077,277;1062,278;1050
lidarmap data 279;1040,280;1026,281;1017,282;1007,283;996,284;985,285;976,286;969,287;962,288;952,289;947,290;938,291;933,292;926,293;922,294;917,295;911,296;903,297;916,298;969,299;677,300;376,301;257,302;945,303;1033,304;1009,305;997,306;989,307;885,308;779,309;775,310;747,311;465,312;71,314;1180,315;529,316;233,318;562,319;1104,320;1117,321;1101,322;1086,323;1123,324;1184,325;1227,326;1255,327;1253,328;1300,329;1358,330;1435,331;1426
lidarmap data 332;1434,333;1428,334;1415,335;1402,336;1506,337;1550,338;1559,339;1639,340;1660,341;1630,342;1617,343;1612,344;1608,345;1601,346;1597,347;1590,348;1585,349;1583,350;1582,351;1580,352;1578,353;1576,354;1576,355;1576,356;1577,357;1578,358;1580,359;1583
lidarmap end
lidarmap data 0;1586,1;1592,2;1598,3;1602,4;1607,5;1613,6;1618,7;1641,8;1659,9;1675,10;1683,11;1689,12;1703,13;1717,14;1722,15;1642,16;1563,17;1493,18;1432,19;1384,20;1333,21;1287,22;1245,23;1206,24;1176,25;1153,26;1133,27;1117,28;1084,29;1061,30;1077,31;836,33;480,34;500,35;1117,36;1479,37;1079,38;1064,39;1056,40;1081,41;1170,42;1266,43;1151,44;225,45;156,46;1154,47;1130,48;1109,49;1099,50;1093,51;1094
lidarmap data 52;1100,53;1110,54;1125,55;1159,56;1572,57;1575,58;1581,59;1386,60;597,61;484,62;1635,63;2268,64;2237,65;2194,66;2158,67;2132,68;2112,69;2103,70;2097,71;2085,72;2085,73;2086,74;2092,75;2109,76;2126,77;2157,78;2200,79;2266,80;2755,81;2888,82;2891,83;2892,84;2893,85;2891,86;2803,87;2791,88;2886,89;2888,90;2894,91;2907,92;2791,93;2841,94;2755,95;2600,96;2606,97;2612,98;2620,99;2634,100;2687,101;2756,102;2890
lidarmap data 103;2929,104;2951,105;2627,106;2423,107;2633,108;2549,109;2568,111;2660,112;2764,113;2905,114;2876,115;2731,116;2639,117;3101,118;3477,119;3256,120;3346,121;3240,122;3193,123;2741,124;3037,125;3097,126;3210,127;3229,128;3461,129;3257,130;3178,131;3141,132;3191,133;3164,139;2844,147;2610,148;2174,149;2149,150;2146,152;2164,153;2086,154;2085,155;2072,156;1978,157;1969,158;2129,159;2285,160;2077,161;1961,162;1659,163;1786,164;2141,165;2202,166;2173,167;2576
lidarmap data 168;2709,169;2342,170;2298,171;2355,172;3055,173;3059,174;3053,175;3057,176;3061,177;3056,178;3060,179;2980,180;1801,181;1797,182;1792,183;1791,184;1790,185;1790,186;1766,187;1483,190;1761,191;1755,192;1753,193;1744,194;1730,195;1713,196;1701,197;1683,198;1653,199;1561,200;299,201;275,202;662,203;2732,204;2501,205;2899,206;2881,210;2151,211;2136,212;2182,213;2198,214;2235,215;2058,216;1850,217;1559,218;2119,219;2076,220;2037,221;2006,222;1971,223;1922
lidarmap data 224;1885,225;1863,226;1888,227;1933,228;1976,229;2023,230;2074,231;2137,232;2179,235;2196,236;2209,237;2160,238;2149,239;2302,240;2349,241;2412,242;2507,243;2616,244;2742,245;2852,246;2979,247;3120,248;3273,249;3461,250;3552,251;3484,252;3250,253;3291,254;3161,255;3094,256;3077,257;2852,258;1695,259;1585,260;1419,261;1373,262;1332,263;1299,264;1279,265;1258,266;1237,267;1221,268;1208,269;1194,270;1182,271;1173,272;1165,273;1155,274;1105,275;1091,276;1076
lidarmap data 277;1062,278;1051,279;1039,280;1028,281;1018,282;1007,283;998,284;987,285;976,286;970,287;962,288;953,289;948,290;941,291;935,292;929,293;922,294;917,295;911,296;906,297;917,298;967,299;692,300;420,301;289,302;951,303;1034,304;1010,305;998,306;990,307;905,308;781,309;776,310;771,311;559,312;119,314;1181,315;316,316;351,318;540,319;1107,320;1118,321;1103,322;1088,323;1121,324;1183,325;1228,326;1255,327;1254,328;1303,329;1348
lidarmap data 330;1435,331;1430,332;1435,333;1426,334;1415,335;1404,336;1500,337;1550,338;1566,339;1644,340;1657,341;1628,342;1618,343;1612,344;1608,345;1603,346;1599,347;1593,348;1587,349;1583,350;1582,351;1581,352;1579,353;1578,354;1577,355;1576,356;1578,357;1579,358;1581,359;1583
lidarmap end