lidarmap data 0;3451,1;3343,2;3296,3;3312,4;3106,5;3074,6;3075,7;3067,8;2925,9;2910,10;2583,11;1931,12;1937,13;1777,14;1757,15;1715,16;1657,17;1625,18;1607,19;1590,20;1575,21;1564,22;1552,23;1544,24;1536,25;1525,26;1525,27;1502,28;1489,29;1481,30;1474,31;1467,32;1462,33;1451,34;1438,35;1431,36;1426,37;1420,38;1417,39;1411,40;1408,41;1405,42;1404,43;1400,44;1145,45;984,46;1533,47;1575,48;1482,49;1506,50;1498
lidarmap data 51;1464,52;1304,53;1178,54;1247,55;1422,56;1475,57;1206,58;1604,59;1636,60;1624,61;1618,62;1692,63;1762,64;1768,65;1817,66;1915,67;1937,68;1943,69;1928,70;1908,71;2012,72;2057,73;2106,74;2163,75;2133,76;2106,77;2096,78;2087,79;2081,80;2077,81;2066,82;2060,83;2052,84;2048,85;2040,86;2037,87;2031,88;2025,89;2022,90;2021,91;2020,92;2020,93;2021,94;2023,95;2029,96;2052,97;2066,98;2072,99;2076,100;2083,101;2089
lidarmap data 102;1938,103;1745,104;1592,105;1467,106;1365,107;1334,108;1339,109;1348,110;1352,111;1361,112;1370,113;1373,114;1306,115;1285,116;1294,117;1332,118;1403,119;1423,120;1446,121;1430,122;1323,123;1258,124;1234,125;1226,126;1217,127;1218,128;1227,129;1244,130;1275,131;1437,132;1446,133;1457,135;1660,136;1642,137;1627,138;1618,139;1623,140;1636,141;951,142;806,143;2799,144;2702,145;1555,146;1742,147;2529,148;2493,149;2210,150;2143,151;2078,152;2035,153;2011
lidarmap data 154;1992,155;1982,156;1972,157;1964,158;1962,159;1963,160;1976,161;1984,162;1996,163;2017,164;2052,165;2099,166;2166,167;2494,168;2721,169;2714,170;2701,171;2658,172;2641,173;2642,174;2552,175;2626,176;2615,177;2621,178;2613,179;2609,180;2605,181;2450,182;2344,183;2291,184;2290,185;2275,186;2287,187;2292,188;2293,189;2298,190;2344,191;2367,192;2479,193;2541,194;2573,195;2035,196;2035,197;2300,198;2216,199;2147,200;2153,201;2168,202;2221,203;2257,204;2357
lidarmap data 205;2442,206;2453,207;2358,208;2191,209;2540,210;2975,211;3018,212;3115,213;198,214;2939,215;2845,216;2799,217;2267,218;2593,219;2632,220;2672,221;2760,222;2765,223;2997,226;2604,227;2602,232;2482,233;2490,236;2353,237;2352,238;2292,239;2280,241;2210,244;2150,246;2124,247;2106,248;2067,249;2051,252;2013,253;2000,254;1973,255;1964,256;1947,258;1499,259;1479,260;1477,261;1523,262;1794,263;1785,264;1661,265;1523,266;690,267;1461,268;1554,269;1770,270;1420
lidarmap data 271;217,273;1705,274;1914,275;2036,276;1538,277;385,278;1902,279;2629,280;2637,281;2647,282;2653,283;2664,284;2676,285;2681,286;2696,287;2715,288;2722,289;2583,290;1497,291;1491,292;1487,293;1482,294;1478,295;1475,296;1469,297;1470,298;1160,299;1157,303;1431,304;1429,305;1437,306;1428,308;1383,309;1374,310;1364,311;1357,312;1349,313;1335,314;1326,315;1328,322;1992,323;2033,324;2059,325;2084,326;2170,327;2096,328;2155,329;2057,330;2078,331;2038,332;2003
lidarmap data 333;1981,334;1965,335;1939,336;1920,337;1898,338;1873,339;1860,340;1904,341;1997,342;2087,343;2173,344;2294,345;2300,346;2299,347;2316,348;2270,352;2805,354;3403,355;3602,356;3812,357;3782,358;3479,359;3476
lidarmap end
lidarmap data 0;3458,1;3344,2;3297,3;3313,4;3113,5;3074,6;3074,7;3071,8;2926,9;2911,10;2534,11;1928,12;1937,13;1777,14;1757,15;1718,16;1656,17;1627,18;1607,19;1588,20;1575,21;1564,22;1552,23;1544,24;1536,25;1525,26;1525,27;1504,28;1489,29;1481,30;1475,31;1466,32;1462,33;1452,34;1438,35;1432,36;1426,37;1420,38;1418,39;1410,40;1408,41;1406,42;1403,43;1400,44;1138,45;1083,46;1524,47;1575,48;1481,49;1506,50;1498
lidarmap data 51;1454,52;1302,53;1062,54;1162,55;1279,56;1479,57;1167,58;1630,59;1637,60;1623,61;1618,62;1692,63;1763,64;1767,65;1819,66;1920,67;1940,68;1941,69;1929,70;1908,71;2018,72;2059,73;2102,74;2164,75;2135,76;2105,77;2097,78;2088,79;2082,80;2078,81;2067,82;2060,83;2052,84;2047,85;2041,86;2037,87;2032,88;2027,89;2022,90;2021,91;2021,92;2020,93;2021,94;2023,95;2029,96;2052,97;2068,98;2072,99;2077,100;2084,101;2090
lidarmap data 102;1914,103;1759,104;1603,105;1470,106;1360,107;1335,108;1339,109;1347,110;1352,111;1360,112;1370,113;1371,114;1305,115;1284,116;1293,117;1331,118;1404,119;1425,120;1447,121;1434,122;1337,123;1257,124;1234,125;1226,126;1217,127;1218,128;1227,129;1243,130;1278,131;1436,132;1447,133;1458,135;1658,136;1642,137;1626,138;1618,139;1623,140;1597,141;1162,142;1295,143;2799,144;2653,145;1476,146;1709,147;2599,148;2473,149;2210,150;2140,151;2073,152;2032,153;2012
lidarmap data 154;1991,155;1981,156;1973,157;1963,158;1961,159;1964,160;1976,161;1983,162;1998,163;2019,164;2051,165;2098,166;2168,167;2518,168;2721,169;2714,170;2698,171;2658,172;2644,173;2642,174;2526,175;2628,176;2618,177;2621,178;2613,179;2609,180;2606,181;2457,182;2344,183;2291,184;2290,185;2273,186;2288,187;2291,188;2293,189;2297,190;2325,191;2367,192;2503,193;2543,194;2573,195;2037,196;2035,197;2328,198;2209,199;2146,200;2152,201;2166,202;2216,203;2257,204;2377
lidarmap data 205;2439,206;2452,207;2363,208;2196,209;2399,210;2974,211;3030,212;3114,213;1166,214;2924,215;2852,216;2744,217;2265,218;2482,219;2640,220;2675,221;2757,222;2766,223;2993,226;2605,227;2600,232;2479,233;2478,236;2352,237;2350,238;2299,239;2275,241;2202,243;2165,244;2152,245;2129,246;2106,247;2103,248;2068,249;2048,252;2013,253;1996,254;1971,256;1948,258;1498,259;1481,260;1476,261;1531,262;1795,263;1786,264;1655,265;1557,266;1327,267;1569,268;1565,269;1772
lidarmap data 270;1296,271;513,273;1388,274;1922,275;1987,276;1375,277;263,278;1674,279;2630,280;2637,281;2647,282;2656,283;2667,284;2678,285;2681,286;2694,287;2714,288;2723,289;2726,290;1497,291;1489,292;1485,293;1482,294;1477,295;1475,296;1469,297;1469,298;1159,299;1157,303;1431,304;1429,305;1436,306;1428,307;1411,308;1389,309;1372,310;1364,311;1356,312;1346,313;1337,314;1322,315;1326,322;1993,323;2032,324;2063,325;2081,326;2171,327;2108,328;2159,329;2049,330;1918
lidarmap data 332;2004,333;1981,334;1962,335;1938,336;1922,337;1898,338;1873,339;1860,340;1906,341;2004,342;2091,343;2175,344;2327,345;2306,346;2304,347;2323,348;2323,352;2801,354;3449,355;3612,356;3810,357;3790,358;3487,359;3467
lidarmap end
lidarmap data 0;3460,1;3350,2;3295,3;3317,4;3093,5;3075,6;3075,7;3070,8;2930,9;2910,10;2613,11;1930,12;1933,13;1779,14;1756,15;1711,16;1656,17;1627,18;1609,19;1590,20;1577,21;1564,22;1551,23;1544,24;1537,25;1525,26;1526,27;1500,28;1490,29;1481,30;1475,31;1467,32;1463,33;1451,34;1438,35;1432,36;1425,37;1420,38;1418,39;1410,40;1408,41;1405,42;1403,43;1400,44;1216,45;948,46;1558,47;1584,48;1477,49;1506,50;1498
lidarmap data 51;1451,52;1303,53;999,54;1056,55;1160,56;1434,57;1183,58;1611,59;1636,60;1625,61;1616,62;1693,63;1764,64;1766,65;1821,66;1907,67;1939,68;1936,69;1930,70;1907,71;2028,72;2058,73;2090,74;2165,75;2134,76;2105,77;2095,78;2087,79;2082,80;2077,81;2067,82;2060,83;2052,84;2047,85;2042,86;2036,87;2029,88;2026,89;2024,90;2021,91;2021,92;2020,93;2022,94;2023,95;2031,96;2051,97;2065,98;2071,99;2076,100;2085,101;2090
lidarmap data 102;1925,103;1768,104;1604,105;1471,106;1361,107;1334,108;1339,109;1348,110;1352,111;1359,112;1370,113;1373,114;1308,115;1285,116;1293,117;1333,118;1404,119;1424,120;1446,121;1434,122;1323,123;1256,124;1234,125;1226,126;1217,127;1218,128;1227,129;1245,130;1279,131;1445,132;1448,133;1456,135;1657,136;1643,137;1626,138;1619,139;1622,140;1637,141;1074,142;1128,143;2800,144;2675,145;1377,146;1536,147;2603,148;2489,149;2209,150;2138,151;2072,152;2036,153;2012
lidarmap data 154;1989,155;1981,156;1971,157;1964,158;1962,159;1965,160;1976,161;1984,162;1998,163;2019,164;2050,165;2098,166;2166,167;2532,168;2720,169;2714,170;2697,171;2657,172;2646,173;2643,174;2530,175;2629,176;2618,177;2621,178;2612,179;2609,180;2608,181;2443,182;2343,183;2291,184;2290,185;2275,186;2286,187;2292,188;2294,189;2298,190;2333,191;2370,192;2487,193;2535,194;2571,195;2037,196;2038,197;2310,198;2196,199;2146,200;2153,201;2165,202;2220,203;2259,204;2368
lidarmap data 205;2442,206;2452,207;2358,208;2196,209;2467,210;2979,211;3039,212;3117,213;1585,214;2925,215;2847,216;2709,217;2268,218;2511,219;2639,220;2688,221;2757,222;2770,223;2985,226;2602,227;2601,232;2488,233;2493,237;2352,238;2289,241;2207,244;2151,245;2152,246;2107,247;2106,248;2069,249;2052,251;2020,252;2013,253;1997,254;1974,256;1949,257;1924,258;1500,259;1483,260;1477,261;1520,262;1794,263;1787,264;1687,265;1557,266;1488,267;1645,268;1684,269;1770,270;1561
lidarmap data 271;441,273;1406,274;1913,275;1578,276;1273,277;254,278;1719,279;2628,280;2636,281;2647,282;2657,283;2666,284;2677,285;2682,286;2693,287;2714,288;2723,289;2601,290;1497,291;1490,292;1485,293;1482,294;1476,295;1476,296;1470,297;1469,298;1159,299;1158,303;1432,304;1429,305;1435,306;1432,309;1376,310;1364,311;1355,312;1346,313;1339,314;1324,315;1323,322;1997,323;2032,324;2060,325;2097,326;2173,327;2104,328;2158,329;1974,330;2066,331;2041,332;2004,333;1981
lidarmap data 334;1962,335;1938,336;1921,337;1899,338;1869,339;1860,340;1900,341;1998,342;2080,343;2178,344;2354,345;2302,346;2303,347;2318,348;2252,352;2813,353;3045,354;3406,355;3607,356;3813,357;3787,358;3471,359;3477
lidarmap end