lidarmap data 0;1163,1;1140,2;1122,3;1107,4;1093,5;1076,6;1065,7;1053,8;1044,9;1039,10;1029,11;1024,12;1029,13;1024,14;1010,15;998,16;985,17;975,18;963,19;953,20;943,21;932,22;926,23;918,24;910,25;903,26;895,27;888,28;881,29;876,30;871,31;867,32;861,33;856,34;853,35;848,36;847,37;823,38;797,39;304,40;228,42;435,43;411,44;894,45;902,46;889,47;880,48;654,49;432,52;764,53;752
lidarmap data 54;751,55;749,56;699,57;678,58;690,59;687,60;711,61;274,63;1019,64;1012,65;1007,66;1088,67;1148,68;1178,69;1176,70;1223,71;1299,72;1368,73;1361,74;1372,75;1360,76;1353,77;1346,78;1427,79;1552,80;1601,81;1616,82;1598,83;1575,84;1568,85;1564,86;1562,87;1561,88;1559,89;1558,90;1558,91;1557,92;1557,93;1556,94;1555,95;1558,96;1561,97;1562,98;1565,99;1570,100;1573,101;1577,102;1581,103;1591,104;1598,105;1604
lidarmap data 106;1612,107;1616,108;1627,109;1656,110;1675,111;1687,112;1696,113;1712,114;1725,115;1742,116;1760,117;1720,118;1763,119;1677,120;1658,121;1610,122;1547,123;1498,124;1480,125;1479,126;1493,127;1636,128;1555,129;1300,130;1251,131;1146,132;1119,133;1130,134;1152,135;1295,136;1293,137;1424,138;1550,139;1408,140;1146,141;1134,142;1139,143;1187,144;1205,145;294,147;387,148;1236,149;1210,150;1195,151;1186,152;1184,153;1189,154;1200,155;797,156;361,157;935
lidarmap data 158;1597,159;1419,160;1312,161;1864,162;2276,163;2331,164;2305,165;2271,166;2247,167;2220,168;2222,169;2218,170;2204,171;2201,172;2205,173;2220,174;2234,175;2259,176;2305,177;2365,178;2826,179;3018,180;3008,181;3011,182;3000,183;3010,184;2972,185;2996,186;3018,187;3023,188;3025,189;3010,190;2891,191;2912,192;2739,193;2737,194;2742,195;2752,196;2762,197;2777,198;2884,199;2991,200;3037,201;3055,202;2625,203;2585,204;2775,205;2672,206;2689,207;2761,208;2790
lidarmap data 209;2931,210;2994,211;2958,212;2772,213;2950,214;3639,215;3523,216;3445,217;3417,218;3347,219;2859,220;3053,221;3193,222;3290,223;3330,227;3173,238;2838,243;2235,244;2213,245;2222,246;2236,247;2235,248;2152,249;2140,250;2052,251;2032,252;2098,253;2354,254;2296,255;1965,256;1635,257;1753,258;2206,259;2273,260;2212,261;2322,262;2846,263;2604,264;2675,265;2578,266;2411,267;3086,268;3082,269;3080,270;3077,271;3076,272;3075,273;2624,274;1594,275;1601,276;1605
lidarmap data 277;1608,278;1609,279;1615,280;1617,281;1620,282;1624,283;1630,284;1329,285;1326,286;1613,287;1619,288;1614,289;1607,290;1601,291;1595,292;1589,293;1585,294;1580,295;1573,296;1567,297;963,299;1971,300;2919,304;2088,305;2095,306;2105,307;2143,308;2160,309;2228,310;2200,312;2065,313;2017,314;1981,315;1940,316;1898,317;1865,318;1831,319;1791,320;1795,321;1833,322;1865,323;1904,324;1950,325;1996,326;2040,327;2126,328;2130,329;2099,330;2080,331;2055,332;2036
lidarmap data 333;2050,334;2111,335;2183,336;2240,337;2322,338;2415,339;2491,340;2618,341;2736,342;2844,343;2965,344;3105,345;3280,346;3429,347;3501,348;3234,349;3126,350;3145,351;3016,352;2978,353;2889,354;1538,355;1499,356;1303,357;1254,358;1219,359;1190
lidarmap end
lidarmap data 0;1163,1;1141,2;1124,3;1108,4;1092,5;1076,6;1066,7;1053,8;1044,9;1039,10;1029,11;1023,12;1024,13;1025,14;1010,15;997,16;984,17;975,18;964,19;953,20;943,21;932,22;926,23;918,24;912,25;903,26;896,27;888,28;881,29;877,30;871,31;867,32;860,33;856,34;854,35;849,36;848,37;763,38;780,39;204,40;250,42;499,43;380,44;879,45;902,46;890,47;882,48;579,49;400,52;766,53;751
lidarmap data 54;752,55;745,56;700,57;679,58;690,59;686,60;711,61;158,63;1019,64;1011,65;1006,66;1081,67;1134,68;1178,69;1177,70;1225,71;1305,72;1367,73;1358,74;1372,75;1358,76;1353,77;1345,78;1429,79;1552,80;1601,81;1617,82;1597,83;1575,84;1568,85;1565,86;1563,87;1561,88;1559,89;1559,90;1559,91;1557,92;1558,93;1556,94;1555,95;1559,96;1562,97;1564,98;1567,99;1570,100;1573,101;1577,102;1582,103;1589,104;1599,105;1604
lidarmap data 106;1612,107;1618,108;1628,109;1656,110;1675,111;1687,112;1699,113;1714,114;1726,115;1743,116;1757,117;1719,118;1759,119;1670,120;1657,121;1612,122;1549,123;1498,124;1480,125;1480,126;1495,127;1641,128;1586,129;1303,130;1243,131;1147,132;1122,133;1129,134;1152,135;1284,136;1293,137;1432,138;1551,139;1467,140;1146,141;1133,142;1138,143;1187,144;1091,145;322,147;168,148;1237,149;1209,150;1195,151;1185,152;1184,153;1188,154;1199,155;795,156;446,157;1028
lidarmap data 158;1676,159;1330,160;1297,161;1750,162;2276,163;2331,164;2306,165;2272,166;2251,167;2221,168;2222,169;2219,170;2204,171;2200,172;2207,173;2222,174;2235,175;2258,176;2306,177;2367,178;2815,179;3017,180;3008,181;3011,182;3002,183;3009,184;2954,185;3004,186;3018,187;3023,188;3024,189;3005,190;2889,191;2921,192;2734,193;2737,194;2742,195;2752,196;2761,197;2793,198;2870,199;2987,200;3037,201;3058,202;2679,203;2601,204;2765,205;2669,206;2695,207;2762,208;2789
lidarmap data 209;2924,210;2995,211;2959,212;2773,213;3008,214;3646,215;3536,216;3445,217;3414,218;3353,219;2900,220;3005,221;3195,222;3303,223;3322,227;3173,238;2836,243;2234,244;2214,245;2225,246;2233,247;2235,248;2153,249;2141,250;2057,251;2027,252;2089,253;2354,254;2299,255;1923,256;1649,257;1797,258;2200,259;2274,260;2213,261;2315,262;2845,263;2590,264;2697,265;2567,266;2409,267;3087,268;3082,269;3080,270;3076,271;3077,272;3075,273;2488,274;1595,275;1602,276;1605
lidarmap data 277;1608,278;1609,279;1614,280;1618,281;1620,282;1624,283;1631,284;1330,285;1325,286;1614,287;1619,288;1615,289;1606,290;1601,291;1597,292;1591,293;1585,294;1580,295;1575,296;1567,297;721,299;1573,300;2915,304;2090,305;2098,306;2107,307;2143,308;2159,309;2227,310;2097,312;2081,313;2015,314;1984,315;1942,316;1902,317;1867,318;1831,319;1789,320;1798,321;1833,322;1862,323;1902,324;1952,325;1998,326;2038,327;2122,328;2132,329;2100,330;2080,331;2055,332;2034
lidarmap data 333;2048,334;2107,335;2179,336;2241,337;2329,338;2418,339;2498,340;2612,341;2730,342;2836,343;2967,344;3110,345;3297,346;3428,347;3503,348;3247,349;3134,350;3135,351;3014,352;2977,353;2910,354;1538,355;1480,356;1302,357;1252,358;1217,359;1189
lidarmap end
lidarmap data 0;1163,1;1141,2;1123,3;1107,4;1093,5;1076,6;1065,7;1054,8;1045,9;1039,10;1030,11;1024,12;1029,13;1025,14;1011,15;998,16;985,17;975,18;964,19;954,20;943,21;934,22;927,23;919,24;912,25;903,26;897,27;890,28;882,29;878,30;872,31;868,32;862,33;858,34;854,35;850,36;848,37;805,38;799,39;331,40;203,41;63,42;539,43;442,44;884,45;903,46;891,47;882,48;551,49;395,50;73
lidarmap data 52;765,53;752,54;753,55;749,56;701,57;679,58;690,59;687,60;712,61;147,63;1020,64;1012,65;1007,66;1084,67;1138,68;1179,69;1178,70;1226,71;1308,72;1368,73;1361,74;1373,75;1362,76;1353,77;1347,78;1429,79;1551,80;1604,81;1618,82;1597,83;1575,84;1570,85;1567,86;1565,87;1563,88;1560,89;1560,90;1560,91;1559,92;1559,93;1557,94;1557,95;1561,96;1563,97;1564,98;1568,99;1571,100;1575,101;1578,102;1582,103;1592
lidarmap data 104;1600,105;1606,106;1613,107;1620,108;1629,109;1655,110;1675,111;1689,112;1700,113;1717,114;1726,115;1743,116;1758,117;1717,118;1763,119;1670,120;1659,121;1615,122;1553,123;1500,124;1483,125;1482,126;1502,127;1639,128;1585,129;1294,130;1240,131;1148,132;1121,133;1131,134;1152,135;1287,136;1295,137;1414,138;1550,139;1467,140;1146,141;1134,142;1138,143;1183,144;1129,145;557,147;383,148;1235,149;1213,150;1195,151;1187,152;1186,153;1190,154;1200,155;757
lidarmap data 156;414,157;921,158;1677,159;1332,160;1212,161;1950,162;2302,163;2332,164;2306,165;2270,166;2245,167;2218,168;2222,169;2218,170;2203,171;2201,172;2206,173;2222,174;2235,175;2257,176;2303,177;2367,178;2846,179;3017,180;3009,181;3013,182;3006,183;3012,184;2959,185;3001,186;3018,187;3023,188;3025,189;2995,190;2895,191;2924,192;2731,193;2736,194;2742,195;2751,196;2761,197;2783,198;2871,199;2986,200;3035,201;3056,202;2633,203;2606,204;2768,205;2661,206;2693
lidarmap data 207;2750,208;2790,209;2931,210;2993,211;2966,212;2774,213;2990,214;3644,215;3525,216;3439,217;3419,218;3354,219;2883,220;3042,221;3195,222;3300,223;3334,227;3166,238;2835,243;2236,244;2215,245;2225,246;2240,247;2230,248;2155,249;2142,250;2051,251;2026,252;2093,253;2352,254;2285,255;2017,256;1131,257;1445,258;2158,259;2269,260;2212,261;2305,262;2840,263;2608,264;2679,265;2567,266;2410,267;3088,268;3081,269;3080,270;3077,271;3076,272;3074,273;2928,274;1597
lidarmap data 275;1602,276;1604,277;1607,278;1607,279;1614,280;1617,281;1620,282;1624,283;1628,284;1329,285;1323,286;1612,287;1619,288;1613,289;1608,290;1602,291;1597,292;1589,293;1584,294;1579,295;1573,296;1569,297;900,299;1805,300;2911,304;2091,305;2092,306;2109,307;2148,308;2159,309;2227,310;2106,312;2065,313;2019,314;1987,315;1939,316;1901,317;1861,318;1830,319;1791,320;1795,321;1833,322;1866,323;1904,324;1952,325;1994,326;2037,327;2128,328;2129,329;2098,330;2078
lidarmap data 331;2058,332;2037,333;2050,334;2111,335;2184,336;2245,337;2322,338;2414,339;2494,340;2617,341;2737,342;2846,343;2972,344;3097,345;3280,346;3409,347;3504,348;3242,349;3135,350;3155,351;3016,352;2977,353;2899,354;1586,355;1487,356;1301,357;1252,358;1219,359;1192
lidarmap end